MAX: 33.21336271886861
MIN: -30.44394584785077