MAX: 33.67196663272154
MIN: -31.422084128433163