MAX: 38.51380910440207
MIN: -40.14738128926222