MAX: 1.4637392194298817
MIN: -1.632744864294202