MAX: 1.1725468383190913
MIN: -1.0706403150945851