MAX: 23.47892177965136
MIN: -17.44444018406719