MAX: 1.6512394016320533
MIN: -1.9908699705653592