MAX: 1.405350308910894
MIN: -1.903086263559202