MAX: 5.925771754410001
MIN: -9.962148009936866