MAX: 2.9267692685012467
MIN: -2.6621541390472117