MAX: 0.16273845867152265
MIN: -0.23274116455799115