MAX: 1.1564529627978366
MIN: -1.1212053294009037