MAX: 1.4735829942243739
MIN: -1.2803754535304355