MAX: 1.1804587631075425
MIN: -1.1089049054183182