MAX: 9.52849542946798
MIN: -13.913399651298986