MAX: 15.419980228823006
MIN: -10.195014087269573