MAX: 0.09743574261665344
MIN: -0.10935288667678833