MAX: 0.29752358563303555
MIN: -0.29097220693322146