MAX: 1.6229436540615945
MIN: -1.4474358473210538