MAX: 23.78872251696931
MIN: -18.6127145254714