MAX: 8.016172022133276
MIN: -4.5884722757681