MAX: 1.1290289890574663
MIN: -1.2063374562374027