MAX: 1.4448633892562723
MIN: -1.2616988502003081