MAX: 44.27881625769286
MIN: -32.53424968887524