MAX: 45.59083923721775
MIN: -33.589375420828326