MAX: 44.17495399269838
MIN: -32.531382046649426