MAX: 0.17903644748434985
MIN: -0.11625136391518764