MAX: 1.6343372838317998
MIN: -9.588546555585282