MAX: 57.737935186315205
MIN: -53.02681697314786