MAX: 1.398170581969672
MIN: -1.875862115794229