MAX: 0.2177553248448172
MIN: -0.15955520345022375