MAX: 4.053129022399605
MIN: -2.931581729240841