MAX: 1.1681425219120092
MIN: -1.192169413056686