MAX: 0.11480350928616653
MIN: -0.09757958854032167