MAX: 30.947133279283737
MIN: -31.059875831415212