MAX: 1.0508561060300796
MIN: -1.6269078024910995