MAX: 1.0570645569880164
MIN: -1.4206640227848282