MAX: 39.58960880478945
MIN: -22.956490829817074