MAX: 0.20464935496169942
MIN: -0.17911843743123151