MAX: 0.2497621969920809
MIN: -0.1460794439639196