MAX: 30.460322474891917
MIN: -30.54526736232151