MAX: 34.63852636568421
MIN: -38.04863313860402