MAX: 1.5543973586697555
MIN: -2.24283851217272