MAX: 1.9870268376088354
MIN: -2.328239968934107