MAX: 0.9604828953742981
MIN: -0.8997099995613098