MAX: 1.486145764933165
MIN: -9.063591446951879