MAX: 1.6231227807301
MIN: -1.4476306569405386