MAX: 1.100700975163982
MIN: -1.4731957974166099