MAX: 37.743900227448364
MIN: -26.47773907189428