MAX: 34.825423879470556
MIN: -32.09116302906257