MAX: 34.608078912357996
MIN: -38.083209414421624