MAX: 29.595566307594726
MIN: -36.11898253578537