MAX: 1.1354181425008876
MIN: -1.1392374544344472