MAX: 10.999329723611261
MIN: -17.76591465120741