MAX: 4.406316757202148
MIN: -4.499599951567672