MAX: 35.243544236958606
MIN: -32.64388688372313