MAX: 5.54629373550415
MIN: -8.326074259986099