MAX: 38.80665829836524
MIN: -32.910919934194716