MAX: 33.9728368376911
MIN: -38.7912701641908