MAX: 31.693150065571043
MIN: -23.61726207801746