MAX: 38.69040333710906
MIN: -33.83222631011948