MAX: 35.13041567627107
MIN: -36.65345622301849