MAX: 36.82233893012033
MIN: -45.9406091170691