MAX: 2.82917801980406
MIN: -1.5287794947322968