MAX: 45.44078826904297
MIN: -40.117855072021484