MAX: 49.05972347918485
MIN: -41.90576450921333