MAX: 35.87306220507929
MIN: -34.76351745262132