MAX: 43.77465599197659
MIN: -47.1263510999724