MAX: 43.754188537597656
MIN: -42.57500597204881