MAX: 11.238173576404474
MIN: -9.517956396871686