MAX: 45.84894722860873
MIN: -47.06459878196248