MAX: 46.26025721703283
MIN: -43.12896407952705