MAX: 42.284789120309895
MIN: -31.37798475895212