MAX: 2.251996891436277
MIN: -1.7690263754194815