MAX: 1.005690097808838
MIN: -0.9975042939186096