MAX: 21.508982226221725
MIN: -20.973226050745904