MAX: 37.64187291014077
MIN: -31.057769836239316