MAX: 40.56634069153212
MIN: -35.40758870268731