MAX: 39.23541732746486
MIN: -40.712314428236155