MAX: 33.867431640625
MIN: -21.016696360120747