MAX: 34.1234113978339
MIN: -27.319945392229428