MAX: 39.98312241804507
MIN: -34.30307783738214