MAX: 43.323618636126724
MIN: -34.81970968617652