MAX: 32.425025075290534
MIN: -29.831703749975162