MAX: 5.366334132404309
MIN: -5.264546472283701