MAX: 35.10865021079707
MIN: -39.67271122019312